2222
2227
2229
2223
2228
2221
2226
2225
2224
2272
2277
2279
2273
2278
2271
2276
2275
2274
2292
2297
2299
2293
2298
2291
2296
2295
2294
2232
2237
2239
2233
2238
2231
2236
2235
2234
2282
2287
2289
2283
2288
2281
2286
2285
2284
2212
2217
2219
2213
2218
2211
2216
2215
2214
2262
2267
2269
2263
2268
2261
2266
2265
2264
2252
2257
2259
2253
2258
2251
2256
2255
2254
2242
2247
2249
2243
2248
2241
2246
2245
2244
2722
2727
2729
2723
2728
2721
2726
2725
2724
2772
2777
2779
2773
2778
2771
2776
2775
2774
2792
2797
2799
2793
2798
2791
2796
2795
2794
2732
2737
2739
2733
2738
2731
2736
2735
2734
2782
2787
2789
2783
2788
2781
2786
2785
2784
2712
2717
2719
2713
2718
2711
2716
2715
2714
2762
2767
2769
2763
2768
2761
2766
2765
2764
2752
2757
2759
2753
2758
2751
2756
2755
2754
2742
2747
2749
2743
2748
2741
2746
2745
2744
2922
2927
2929
2923
2928
2921
2926
2925
2924
2972
2977
2979
2973
2978
2971
2976
2975
2974
2992
2997
2999
2993
2998
2991
2996
2995
2994
2932
2937
2939
2933
2938
2931
2936
2935
2934
2982
2987
2989
2983
2988
2981
2986
2985
2984
2912
2917
2919
2913
2918
2911
2916
2915
2914
2962
2967
2969
2963
2968
2961
2966
2965
2964
2952
2957
2959
2953
2958
2951
2956
2955
2954
2942
2947
2949
2943
2948
2941
2946
2945
2944
2322
2327
2329
2323
2328
2321
2326
2325
2324
2372
2377
2379
2373
2378
2371
2376
2375
2374
2392
2397
2399
2393
2398
2391
2396
2395
2394
2332
2337
2339
2333
2338
2331
2336
2335
2334
2382
2387
2389
2383
2388
2381
2386
2385
2384
2312
2317
2319
2313
2318
2311
2316
2315
2314
2362
2367
2369
2363
2368
2361
2366
2365
2364
2352
2357
2359
2353
2358
2351
2356
2355
2354
2342
2347
2349
2343
2348
2341
2346
2345
2344
2822
2827
2829
2823
2828
2821
2826
2825
2824
2872
2877
2879
2873
2878
2871
2876
2875
2874
2892
2897
2899
2893
2898
2891
2896
2895
2894
2832
2837
2839
2833
2838
2831
2836
2835
2834
2882
2887
2889
2883
2888
2881
2886
2885
2884
2812
2817
2819
2813
2818
2811
2816
2815
2814
2862
2867
2869
2863
2868
2861
2866
2865
2864
2852
2857
2859
2853
2858
2851
2856
2855
2854
2842
2847
2849
2843
2848
2841
2846
2845
2844
2122
2127
2129
2123
2128
2121
2126
2125
2124
2172
2177
2179
2173
2178
2171
2176
2175
2174
2192
2197
2199
2193
2198
2191
2196
2195
2194
2132
2137
2139
2133
2138
2131
2136
2135
2134
2182
2187
2189
2183
2188
2181
2186
2185
2184
2112
2117
2119
2113
2118
2111
2116
2115
2114
2162
2167
2169
2163
2168
2161
2166
2165
2164
2152
2157
2159
2153
2158
2151
2156
2155
2154
2142
2147
2149
2143
2148
2141
2146
2145
2144
2622
2627
2629
2623
2628
2621
2626
2625
2624
2672
2677
2679
2673
2678
2671
2676
2675
2674
2692
2697
2699
2693
2698
2691
2696
2695
2694
2632
2637
2639
2633
2638
2631
2636
2635
2634
2682
2687
2689
2683
2688
2681
2686
2685
2684
2612
2617
2619
2613
2618
2611
2616
2615
2614
2662
2667
2669
2663
2668
2661
2666
2665
2664
2652
2657
2659
2653
2658
2651
2656
2655
2654
2642
2647
2649
2643
2648
2641
2646
2645
2644
2522
2527
2529
2523
2528
2521
2526
2525
2524
2572
2577
2579
2573
2578
2571
2576
2575
2574
2592
2597
2599
2593
2598
2591
2596
2595
2594
2532
2537
2539
2533
2538
2531
2536
2535
2534
2582
2587
2589
2583
2588
2581
2586
2585
2584
2512
2517
2519
2513
2518
2511
2516
2515
2514
2562
2567
2569
2563
2568
2561
2566
2565
2564
2552
2557
2559
2553
2558
2551
2556
2555
2554
2542
2547
2549
2543
2548
2541
2546
2545
2544
2422
2427
2429
2423
2428
2421
2426
2425
2424
2472
2477
2479
2473
2478
2471
2476
2475
2474
2492
2497
2499
2493
2498
2491
2496
2495
2494
2432
2437
2439
2433
2438
2431
2436
2435
2434
2482
2487
2489
2483
2488
2481
2486
2485
2484
2412
2417
2419
2413
2418
2411
2416
2415
2414
2462
2467
2469
2463
2468
2461
2466
2465
2464
2452
2457
2459
2453
2458
2451
2456
2455
2454
2442
2447
2449
2443
2448
2441
2446
2445
2444
7222
7227
7229
7223
7228
7221
7226
7225
7224
7272
7277
7279
7273
7278
7271
7276
7275
7274
7292
7297
7299
7293
7298
7291
7296
7295
7294
7232
7237
7239
7233
7238
7231
7236
7235
7234
7282
7287
7289
7283
7288
7281
7286
7285
7284
7212
7217
7219
7213
7218
7211
7216
7215
7214
7262
7267
7269
7263
7268
7261
7266
7265
7264
7252
7257
7259
7253
7258
7251
7256
7255
7254
7242
7247
7249
7243
7248
7241
7246
7245
7244
7722
7727
7729
7723
7728
7721
7726
7725
7724
7772
7777
7779
7773
7778
7771
7776
7775
7774
7792
7797
7799
7793
7798
7791
7796
7795
7794
7732
7737
7739
7733
7738
7731
7736
7735
7734
7782
7787
7789
7783
7788
7781
7786
7785
7784
7712
7717
7719
7713
7718
7711
7716
7715
7714
7762
7767
7769
7763
7768
7761
7766
7765
7764
7752
7757
7759
7753
7758
7751
7756
7755
7754
7742
7747
7749
7743
7748
7741
7746
7745
7744
7922
7927
7929
7923
7928
7921
7926
7925
7924
7972
7977
7979
7973
7978
7971
7976
7975
7974
7992
7997
7999
7993
7998
7991
7996
7995
7994
7932
7937
7939
7933
7938
7931
7936
7935
7934
7982
7987
7989
7983
7988
7981
7986
7985
7984
7912
7917
7919
7913
7918
7911
7916
7915
7914
7962
7967
7969
7963
7968
7961
7966
7965
7964
7952
7957
7959
7953
7958
7951
7956
7955
7954
7942
7947
7949
7943
7948
7941
7946
7945
7944
7322
7327
7329
7323
7328
7321
7326
7325
7324
7372
7377
7379
7373
7378
7371
7376
7375
7374
7392
7397
7399
7393
7398
7391
7396
7395
7394
7332
7337
7339
7333
7338
7331
7336
7335
7334
7382
7387
7389
7383
7388
7381
7386
7385
7384
7312
7317
7319
7313
7318
7311
7316
7315
7314
7362
7367
7369
7363
7368
7361
7366
7365
7364
7352
7357
7359
7353
7358
7351
7356
7355
7354
7342
7347
7349
7343
7348
7341
7346
7345
7344
7822
7827
7829
7823
7828
7821
7826
7825
7824
7872
7877
7879
7873
7878
7871
7876
7875
7874
7892
7897
7899
7893
7898
7891
7896
7895
7894
7832
7837
7839
7833
7838
7831
7836
7835
7834
7882
7887
7889
7883
7888
7881
7886
7885
7884
7812
7817
7819
7813
7818
7811
7816
7815
7814
7862
7867
7869
7863
7868
7861
7866
7865
7864
7852
7857
7859
7853
7858
7851
7856
7855
7854
7842
7847
7849
7843
7848
7841
7846
7845
7844
7122
7127
7129
7123
7128
7121
7126
7125
7124
7172
7177
7179
7173
7178
7171
7176
7175
7174
7192
7197
7199
7193
7198
7191
7196
7195
7194
7132
7137
7139
7133
7138
7131
7136
7135
7134
7182
7187
7189
7183
7188
7181
7186
7185
7184
7112
7117
7119
7113
7118
7111
7116
7115
7114
7162
7167
7169
7163
7168
7161
7166
7165
7164
7152
7157
7159
7153
7158
7151
7156
7155
7154
7142
7147
7149
7143
7148
7141
7146
7145
7144
7622
7627
7629
7623
7628
7621
7626
7625
7624
7672
7677
7679
7673
7678
7671
7676
7675
7674
7692
7697
7699
7693
7698
7691
7696
7695
7694
7632
7637
7639
7633
7638
7631
7636
7635
7634
7682
7687
7689
7683
7688
7681
7686
7685
7684
7612
7617
7619
7613
7618
7611
7616
7615
7614
7662
7667
7669
7663
7668
7661
7666
7665
7664
7652
7657
7659
7653
7658
7651
7656
7655
7654
7642
7647
7649
7643
7648
7641
7646
7645
7644
7522
7527
7529
7523
7528
7521
7526
7525
7524
7572
7577
7579
7573
7578
7571
7576
7575
7574
7592
7597
7599
7593
7598
7591
7596
7595
7594
7532
7537
7539
7533
7538
7531
7536
7535
7534
7582
7587
7589
7583
7588
7581
7586
7585
7584
7512
7517
7519
7513
7518
7511
7516
7515
7514
7562
7567
7569
7563
7568
7561
7566
7565
7564
7552
7557
7559
7553
7558
7551
7556
7555
7554
7542
7547
7549
7543
7548
7541
7546
7545
7544
7422
7427
7429
7423
7428
7421
7426
7425
7424
7472
7477
7479
7473
7478
7471
7476
7475
7474
7492
7497
7499
7493
7498
7491
7496
7495
7494
7432
7437
7439
7433
7438
7431
7436
7435
7434
7482
7487
7489
7483
7488
7481
7486
7485
7484
7412
7417
7419
7413
7418
7411
7416
7415
7414
7462
7467
7469
7463
7468
7461
7466
7465
7464
7452
7457
7459
7453
7458
7451
7456
7455
7454
7442
7447
7449
7443
7448
7441
7446
7445
7444
9222
9227
9229
9223
9228
9221
9226
9225
9224
9272
9277
9279
9273
9278
9271
9276
9275
9274
9292
9297
9299
9293
9298
9291
9296
9295
9294
9232
9237
9239
9233
9238
9231
9236
9235
9234
9282
9287
9289
9283
9288
9281
9286
9285
9284
9212
9217
9219
9213
9218
9211
9216
9215
9214
9262
9267
9269
9263
9268
9261
9266
9265
9264
9252
9257
9259
9253
9258
9251
9256
9255
9254
9242
9247
9249
9243
9248
9241
9246
9245
9244
9722
9727
9729
9723
9728
9721
9726
9725
9724
9772
9777
9779
9773
9778
9771
9776
9775
9774
9792
9797
9799
9793
9798
9791
9796
9795
9794
9732
9737
9739
9733
9738
9731
9736
9735
9734
9782
9787
9789
9783
9788
9781
9786
9785
9784
9712
9717
9719
9713
9718
9711
9716
9715
9714
9762
9767
9769
9763
9768
9761
9766
9765
9764
9752
9757
9759
9753
9758
9751
9756
9755
9754
9742
9747
9749
9743
9748
9741
9746
9745
9744
9922
9927
9929
9923
9928
9921
9926
9925
9924
9972
9977
9979
9973
9978
9971
9976
9975
9974
9992
9997
9999
9993
9998
9991
9996
9995
9994
9932
9937
9939
9933
9938
9931
9936
9935
9934
9982
9987
9989
9983
9988
9981
9986
9985
9984
9912
9917
9919
9913
9918
9911
9916
9915
9914
9962
9967
9969
9963
9968
9961
9966
9965
9964
9952
9957
9959
9953
9958
9951
9956
9955
9954
9942
9947
9949
9943
9948
9941
9946
9945
9944
9322
9327
9329
9323
9328
9321
9326
9325
9324
9372
9377
9379
9373
9378
9371
9376
9375
9374
9392
9397
9399
9393
9398
9391
9396
9395
9394
9332
9337
9339
9333
9338
9331
9336
9335
9334
9382
9387
9389
9383
9388
9381
9386
9385
9384
9312
9317
9319
9313
9318
9311
9316
9315
9314
9362
9367
9369
9363
9368
9361
9366
9365
9364
9352
9357
9359
9353
9358
9351
9356
9355
9354
9342
9347
9349
9343
9348
9341
9346
9345
9344
9822
9827
9829
9823
9828
9821
9826
9825
9824
9872
9877
9879
9873
9878
9871
9876
9875
9874
9892
9897
9899
9893
9898
9891
9896
9895
9894
9832
9837
9839
9833
9838
9831
9836
9835
9834
9882
9887
9889
9883
9888
9881
9886
9885
9884
9812
9817
9819
9813
9818
9811
9816
9815
9814
9862
9867
9869
9863
9868
9861
9866
9865
9864
9852
9857
9859
9853
9858
9851
9856
9855
9854
9842
9847
9849
9843
9848
9841
9846
9845
9844
9122
9127
9129
9123
9128
9121
9126
9125
9124
9172
9177
9179
9173
9178
9171
9176
9175
9174
9192
9197
9199
9193
9198
9191
9196
9195
9194
9132
9137
9139
9133
9138
9131
9136
9135
9134
9182
9187
9189
9183
9188
9181
9186
9185
9184
9112
9117
9119
9113
9118
9111
9116
9115
9114
9162
9167
9169
9163
9168
9161
9166
9165
9164
9152
9157
9159
9153
9158
9151
9156
9155
9154
9142
9147
9149
9143
9148
9141
9146
9145
9144
9622
9627
9629
9623
9628
9621
9626
9625
9624
9672
9677
9679
9673
9678
9671
9676
9675
9674
9692
9697
9699
9693
9698
9691
9696
9695
9694
9632
9637
9639
9633
9638
9631
9636
9635
9634
9682
9687
9689
9683
9688
9681
9686
9685
9684
9612
9617
9619
9613
9618
9611
9616
9615
9614
9662
9667
9669
9663
9668
9661
9666
9665
9664
9652
9657
9659
9653
9658
9651
9656
9655
9654
9642
9647
9649
9643
9648
9641
9646
9645
9644
9522
9527
9529
9523
9528
9521
9526
9525
9524
9572
9577
9579
9573
9578
9571
9576
9575
9574
9592
9597
9599
9593
9598
9591
9596
9595
9594
9532
9537
9539
9533
9538
9531
9536
9535
9534
9582
9587
9589
9583
9588
9581
9586
9585
9584
9512
9517
9519
9513
9518
9511
9516
9515
9514
9562
9567
9569
9563
9568
9561
9566
9565
9564
9552
9557
9559
9553
9558
9551
9556
9555
9554
9542
9547
9549
9543
9548
9541
9546
9545
9544
9422
9427
9429
9423
9428
9421
9426
9425
9424
9472
9477
9479
9473
9478
9471
9476
9475
9474
9492
9497
9499
9493
9498
9491
9496
9495
9494
9432
9437
9439
9433
9438
9431
9436
9435
9434
9482
9487
9489
9483
9488
9481
9486
9485
9484
9412
9417
9419
9413
9418
9411
9416
9415
9414
9462
9467
9469
9463
9468
9461
9466
9465
9464
9452
9457
9459
9453
9458
9451
9456
9455
9454
9442
9447
9449
9443
9448
9441
9446
9445
9444
3222
3227
3229
3223
3228
3221
3226
3225
3224
3272
3277
3279
3273
3278
3271
3276
3275
3274
3292
3297
3299
3293
3298
3291
3296
3295
3294
3232
3237
3239
3233
3238
3231
3236
3235
3234
3282
3287
3289
3283
3288
3281
3286
3285
3284
3212
3217
3219
3213
3218
3211
3216
3215
3214
3262
3267
3269
3263
3268
3261
3266
3265
3264
3252
3257
3259
3253
3258
3251
3256
3255
3254
3242
3247
3249
3243
3248
3241
3246
3245
3244
3722
3727
3729
3723
3728
3721
3726
3725
3724
3772
3777
3779
3773
3778
3771
3776
3775
3774
3792
3797
3799
3793
3798
3791
3796
3795
3794
3732
3737
3739
3733
3738
3731
3736
3735
3734
3782
3787
3789
3783
3788
3781
3786
3785
3784
3712
3717
3719
3713
3718
3711
3716
3715
3714
3762
3767
3769
3763
3768
3761
3766
3765
3764
3752
3757
3759
3753
3758
3751
3756
3755
3754
3742
3747
3749
3743
3748
3741
3746
3745
3744
3922
3927
3929
3923
3928
3921
3926
3925
3924
3972
3977
3979
3973
3978
3971
3976
3975
3974
3992
3997
3999
3993
3998
3991
3996
3995
3994
3932
3937
3939
3933
3938
3931
3936
3935
3934
3982
3987
3989
3983
3988
3981
3986
3985
3984
3912
3917
3919
3913
3918
3911
3916
3915
3914
3962
3967
3969
3963
3968
3961
3966
3965
3964
3952
3957
3959
3953
3958
3951
3956
3955
3954
3942
3947
3949
3943
3948
3941
3946
3945
3944
3322
3327
3329
3323
3328
3321
3326
3325
3324
3372
3377
3379
3373
3378
3371
3376
3375
3374
3392
3397
3399
3393
3398
3391
3396
3395
3394
3332
3337
3339
3333
3338
3331
3336
3335
3334
3382
3387
3389
3383
3388
3381
3386
3385
3384
3312
3317
3319
3313
3318
3311
3316
3315
3314
3362
3367
3369
3363
3368
3361
3366
3365
3364
3352
3357
3359
3353
3358
3351
3356
3355
3354
3342
3347
3349
3343
3348
3341
3346
3345
3344
3822
3827
3829
3823
3828
3821
3826
3825
3824
3872
3877
3879
3873
3878
3871
3876
3875
3874
3892
3897
3899
3893
3898
3891
3896
3895
3894
3832
3837
3839
3833
3838
3831
3836
3835
3834
3882
3887
3889
3883
3888
3881
3886
3885
3884
3812
3817
3819
3813
3818
3811
3816
3815
3814
3862
3867
3869
3863
3868
3861
3866
3865
3864
3852
3857
3859
3853
3858
3851
3856
3855
3854
3842
3847
3849
3843
3848
3841
3846
3845
3844
3122
3127
3129
3123
3128
3121
3126
3125
3124
3172
3177
3179
3173
3178
3171
3176
3175
3174
3192
3197
3199
3193
3198
3191
3196
3195
3194
3132
3137
3139
3133
3138
3131
3136
3135
3134
3182
3187
3189
3183
3188
3181
3186
3185
3184
3112
3117
3119
3113
3118
3111
3116
3115
3114
3162
3167
3169
3163
3168
3161
3166
3165
3164
3152
3157
3159
3153
3158
3151
3156
3155
3154
3142
3147
3149
3143
3148
3141
3146
3145
3144
3622
3627
3629
3623
3628
3621
3626
3625
3624
3672
3677
3679
3673
3678
3671
3676
3675
3674
3692
3697
3699
3693
3698
3691
3696
3695
3694
3632
3637
3639
3633
3638
3631
3636
3635
3634
3682
3687
3689
3683
3688
3681
3686
3685
3684
3612
3617
3619
3613
3618
3611
3616
3615
3614
3662
3667
3669
3663
3668
3661
3666
3665
3664
3652
3657
3659
3653
3658
3651
3656
3655
3654
3642
3647
3649
3643
3648
3641
3646
3645
3644
3522
3527
3529
3523
3528
3521
3526
3525
3524
3572
3577
3579
3573
3578
3571
3576
3575
3574
3592
3597
3599
3593
3598
3591
3596
3595
3594
3532
3537
3539
3533
3538
3531
3536
3535
3534
3582
3587
3589
3583
3588
3581
3586
3585
3584
3512
3517
3519
3513
3518
3511
3516
3515
3514
3562
3567
3569
3563
3568
3561
3566
3565
3564
3552
3557
3559
3553
3558
3551
3556
3555
3554
3542
3547
3549
3543
3548
3541
3546
3545
3544
3422
3427
3429
3423
3428
3421
3426
3425
3424
3472
3477
3479
3473
3478
3471
3476
3475
3474
3492
3497
3499
3493
3498
3491
3496
3495
3494
3432
3437
3439
3433
3438
3431
3436
3435
3434
3482
3487
3489
3483
3488
3481
3486
3485
3484
3412
3417
3419
3413
3418
3411
3416
3415
3414
3462
3467
3469
3463
3468
3461
3466
3465
3464
3452
3457
3459
3453
3458
3451
3456
3455
3454
3442
3447
3449
3443
3448
3441
3446
3445
3444
8222
8227
8229
8223
8228
8221
8226
8225
8224
8272
8277
8279
8273
8278
8271
8276
8275
8274
8292
8297
8299
8293
8298
8291
8296
8295
8294
8232
8237
8239
8233
8238
8231
8236
8235
8234
8282
8287
8289
8283
8288
8281
8286
8285
8284
8212
8217
8219
8213
8218
8211
8216
8215
8214
8262
8267
8269
8263
8268
8261
8266
8265
8264
8252
8257
8259
8253
8258
8251
8256
8255
8254
8242
8247
8249
8243
8248
8241
8246
8245
8244
8722
8727
8729
8723
8728
8721
8726
8725
8724
8772
8777
8779
8773
8778
8771
8776
8775
8774
8792
8797
8799
8793
8798
8791
8796
8795
8794
8732
8737
8739
8733
8738
8731
8736
8735
8734
8782
8787
8789
8783
8788
8781
8786
8785
8784
8712
8717
8719
8713
8718
8711
8716
8715
8714
8762
8767
8769
8763
8768
8761
8766
8765
8764
8752
8757
8759
8753
8758
8751
8756
8755
8754
8742
8747
8749
8743
8748
8741
8746
8745
8744
8922
8927
8929
8923
8928
8921
8926
8925
8924
8972
8977
8979
8973
8978
8971
8976
8975
8974
8992
8997
8999
8993
8998
8991
8996
8995
8994
8932
8937
8939
8933
8938
8931
8936
8935
8934
8982
8987
8989
8983
8988
8981
8986
8985
8984
8912
8917
8919
8913
8918
8911
8916
8915
8914
8962
8967
8969
8963
8968
8961
8966
8965
8964
8952
8957
8959
8953
8958
8951
8956
8955
8954
8942
8947
8949
8943
8948
8941
8946
8945
8944
8322
8327
8329
8323
8328
8321
8326
8325
8324
8372
8377
8379
8373
8378
8371
8376
8375
8374
8392
8397
8399
8393
8398
8391
8396
8395
8394
8332
8337
8339
8333
8338
8331
8336
8335
8334
8382
8387
8389
8383
8388
8381
8386
8385
8384
8312
8317
8319
8313
8318
8311
8316
8315
8314
8362
8367
8369
8363
8368
8361
8366
8365
8364
8352
8357
8359
8353
8358
8351
8356
8355
8354
8342
8347
8349
8343
8348
8341
8346
8345
8344
8822
8827
8829
8823
8828
8821
8826
8825
8824
8872
8877
8879
8873
8878
8871
8876
8875
8874
8892
8897
8899
8893
8898
8891
8896
8895
8894
8832
8837
8839
8833
8838
8831
8836
8835
8834
8882
8887
8889
8883
8888
8881
8886
8885
8884
8812
8817
8819
8813
8818
8811
8816
8815
8814
8862
8867
8869
8863
8868
8861
8866
8865
8864
8852
8857
8859
8853
8858
8851
8856
8855
8854
8842
8847
8849
8843
8848
8841
8846
8845
8844
8122
8127
8129
8123
8128
8121
8126
8125
8124
8172
8177
8179
8173
8178
8171
8176
8175
8174
8192
8197
8199
8193
8198
8191
8196
8195
8194
8132
8137
8139
8133
8138
8131
8136
8135
8134
8182
8187
8189
8183
8188
8181
8186
8185
8184
8112
8117
8119
8113
8118
8111
8116
8115
8114
8162
8167
8169
8163
8168
8161
8166
8165
8164
8152
8157
8159
8153
8158
8151
8156
8155
8154
8142
8147
8149
8143
8148
8141
8146
8145
8144
8622
8627
8629
8623
8628
8621
8626
8625
8624
8672
8677
8679
8673
8678
8671
8676
8675
8674
8692
8697
8699
8693
8698
8691
8696
8695
8694
8632
8637
8639
8633
8638
8631
8636
8635
8634
8682
8687
8689
8683
8688
8681
8686
8685
8684
8612
8617
8619
8613
8618
8611
8616
8615
8614
8662
8667
8669
8663
8668
8661
8666
8665
8664
8652
8657
8659
8653
8658
8651
8656
8655
8654
8642
8647
8649
8643
8648
8641
8646
8645
8644
8522
8527
8529
8523
8528
8521
8526
8525
8524
8572
8577
8579
8573
8578
8571
8576
8575
8574
8592
8597
8599
8593
8598
8591
8596
8595
8594
8532
8537
8539
8533
8538
8531
8536
8535
8534
8582
8587
8589
8583
8588
8581
8586
8585
8584
8512
8517
8519
8513
8518
8511
8516
8515
8514
8562
8567
8569
8563
8568
8561
8566
8565
8564
8552
8557
8559
8553
8558
8551
8556
8555
8554
8542
8547
8549
8543
8548
8541
8546
8545
8544
8422
8427
8429
8423
8428
8421
8426
8425
8424
8472
8477
8479
8473
8478
8471
8476
8475
8474
8492
8497
8499
8493
8498
8491
8496
8495
8494
8432
8437
8439
8433
8438
8431
8436
8435
8434
8482
8487
8489
8483
8488
8481
8486
8485
8484
8412
8417
8419
8413
8418
8411
8416
8415
8414
8462
8467
8469
8463
8468
8461
8466
8465
8464
8452
8457
8459
8453
8458
8451
8456
8455
8454
8442
8447
8449
8443
8448
8441
8446
8445
8444
1222
1227
1229
1223
1228
1221
1226
1225
1224
1272
1277
1279
1273
1278
1271
1276
1275
1274
1292
1297
1299
1293
1298
1291
1296
1295
1294
1232
1237
1239
1233
1238
1231
1236
1235
1234
1282
1287
1289
1283
1288
1281
1286
1285
1284
1212
1217
1219
1213
1218
1211
1216
1215
1214
1262
1267
1269
1263
1268
1261
1266
1265
1264
1252
1257
1259
1253
1258
1251
1256
1255
1254
1242
1247
1249
1243
1248
1241
1246
1245
1244
1722
1727
1729
1723
1728
1721
1726
1725
1724
1772
1777
1779
1773
1778
1771
1776
1775
1774
1792
1797
1799
1793
1798
1791
1796
1795
1794
1732
1737
1739
1733
1738
1731
1736
1735
1734
1782
1787
1789
1783
1788
1781
1786
1785
1784
1712
1717
1719
1713
1718
1711
1716
1715
1714
1762
1767
1769
1763
1768
1761
1766
1765
1764
1752
1757
1759
1753
1758
1751
1756
1755
1754
1742
1747
1749
1743
1748
1741
1746
1745
1744
1922
1927
1929
1923
1928
1921
1926
1925
1924
1972
1977
1979
1973
1978
1971
1976
1975
1974
1992
1997
1999
1993
1998
1991
1996
1995
1994
1932
1937
1939
1933
1938
1931
1936
1935
1934
1982
1987
1989
1983
1988
1981
1986
1985
1984
1912
1917
1919
1913
1918
1911
1916
1915
1914
1962
1967
1969
1963
1968
1961
1966
1965
1964
1952
1957
1959
1953
1958
1951
1956
1955
1954
1942
1947
1949
1943
1948
1941
1946
1945
1944
1322
1327
1329
1323
1328
1321
1326
1325
1324
1372
1377
1379
1373
1378
1371
1376
1375
1374
1392
1397
1399
1393
1398
1391
1396
1395
1394
1332
1337
1339
1333
1338
1331
1336
1335
1334
1382
1387
1389
1383
1388
1381
1386
1385
1384
1312
1317
1319
1313
1318
1311
1316
1315
1314
1362
1367
1369
1363
1368
1361
1366
1365
1364
1352
1357
1359
1353
1358
1351
1356
1355
1354
1342
1347
1349
1343
1348
1341
1346
1345
1344
1822
1827
1829
1823
1828
1821
1826
1825
1824
1872
1877
1879
1873
1878
1871
1876
1875
1874
1892
1897
1899
1893
1898
1891
1896
1895
1894
1832
1837
1839
1833
1838
1831
1836
1835
1834
1882
1887
1889
1883
1888
1881
1886
1885
1884
1812
1817
1819
1813
1818
1811
1816
1815
1814
1862
1867
1869
1863
1868
1861
1866
1865
1864
1852
1857
1859
1853
1858
1851
1856
1855
1854
1842
1847
1849
1843
1848
1841
1846
1845
1844
1122
1127
1129
1123
1128
1121
1126
1125
1124
1172
1177
1179
1173
1178
1171
1176
1175
1174
1192
1197
1199
1193
1198
1191
1196
1195
1194
1132
1137
1139
1133
1138
1131
1136
1135
1134
1182
1187
1189
1183
1188
1181
1186
1185
1184
1112
1117
1119
1113
1118
1111
1116
1115
1114
1162
1167
1169
1163
1168
1161
1166
1165
1164
1152
1157
1159
1153
1158
1151
1156
1155
1154
1142
1147
1149
1143
1148
1141
1146
1145
1144
1622
1627
1629
1623
1628
1621
1626
1625
1624
1672
1677
1679
1673
1678
1671
1676
1675
1674
1692
1697
1699
1693
1698
1691
1696
1695
1694
1632
1637
1639
1633
1638
1631
1636
1635
1634
1682
1687
1689
1683
1688
1681
1686
1685
1684
1612
1617
1619
1613
1618
1611
1616
1615
1614
1662
1667
1669
1663
1668
1661
1666
1665
1664
1652
1657
1659
1653
1658
1651
1656
1655
1654
1642
1647
1649
1643
1648
1641
1646
1645
1644
1522
1527
1529
1523
1528
1521
1526
1525
1524
1572
1577
1579
1573
1578
1571
1576
1575
1574
1592
1597
1599
1593
1598
1591
1596
1595
1594
1532
1537
1539
1533
1538
1531
1536
1535
1534
1582
1587
1589
1583
1588
1581
1586
1585
1584
1512
1517
1519
1513
1518
1511
1516
1515
1514
1562
1567
1569
1563
1568
1561
1566
1565
1564
1552
1557
1559
1553
1558
1551
1556
1555
1554
1542
1547
1549
1543
1548
1541
1546
1545
1544
1422
1427
1429
1423
1428
1421
1426
1425
1424
1472
1477
1479
1473
1478
1471
1476
1475
1474
1492
1497
1499
1493
1498
1491
1496
1495
1494
1432
1437
1439
1433
1438
1431
1436
1435
1434
1482
1487
1489
1483
1488
1481
1486
1485
1484
1412
1417
1419
1413
1418
1411
1416
1415
1414
1462
1467
1469
1463
1468
1461
1466
1465
1464
1452
1457
1459
1453
1458
1451
1456
1455
1454
1442
1447
1449
1443
1448
1441
1446
1445
1444
6222
6227
6229
6223
6228
6221
6226
6225
6224
6272
6277
6279
6273
6278
6271
6276
6275
6274
6292
6297
6299
6293
6298
6291
6296
6295
6294
6232
6237
6239
6233
6238
6231
6236
6235
6234
6282
6287
6289
6283
6288
6281
6286
6285
6284
6212
6217
6219
6213
6218
6211
6216
6215
6214
6262
6267
6269
6263
6268
6261
6266
6265
6264
6252
6257
6259
6253
6258
6251
6256
6255
6254
6242
6247
6249
6243
6248
6241
6246
6245
6244
6722
6727
6729
6723
6728
6721
6726
6725
6724
6772
6777
6779
6773
6778
6771
6776
6775
6774
6792
6797
6799
6793
6798
6791
6796
6795
6794
6732
6737
6739
6733
6738
6731
6736
6735
6734
6782
6787
6789
6783
6788
6781
6786
6785
6784
6712
6717
6719
6713
6718
6711
6716
6715
6714
6762
6767
6769
6763
6768
6761
6766
6765
6764
6752
6757
6759
6753
6758
6751
6756
6755
6754
6742
6747
6749
6743
6748
6741
6746
6745
6744
6922
6927
6929
6923
6928
6921
6926
6925
6924
6972
6977
6979
6973
6978
6971
6976
6975
6974
6992
6997
6999
6993
6998
6991
6996
6995
6994
6932
6937
6939
6933
6938
6931
6936
6935
6934
6982
6987
6989
6983
6988
6981
6986
6985
6984
6912
6917
6919
6913
6918
6911
6916
6915
6914
6962
6967
6969
6963
6968
6961
6966
6965
6964
6952
6957
6959
6953
6958
6951
6956
6955
6954
6942
6947
6949
6943
6948
6941
6946
6945
6944
6322
6327
6329
6323
6328
6321
6326
6325
6324
6372
6377
6379
6373
6378
6371
6376
6375
6374
6392
6397
6399
6393
6398
6391
6396
6395
6394
6332
6337
6339
6333
6338
6331
6336
6335
6334
6382
6387
6389
6383
6388
6381
6386
6385
6384
6312
6317
6319
6313
6318
6311
6316
6315
6314
6362
6367
6369
6363
6368
6361
6366
6365
6364
6352
6357
6359
6353
6358
6351
6356
6355
6354
6342
6347
6349
6343
6348
6341
6346
6345
6344
6822
6827
6829
6823
6828
6821
6826
6825
6824
6872
6877
6879
6873
6878
6871
6876
6875
6874
6892
6897
6899
6893
6898
6891
6896
6895
6894
6832
6837
6839
6833
6838
6831
6836
6835
6834
6882
6887
6889
6883
6888
6881
6886
6885
6884
6812
6817
6819
6813
6818
6811
6816
6815
6814
6862
6867
6869
6863
6868
6861
6866
6865
6864
6852
6857
6859
6853
6858
6851
6856
6855
6854
6842
6847
6849
6843
6848
6841
6846
6845
6844
6122
6127
6129
6123
6128
6121
6126
6125
6124
6172
6177
6179
6173
6178
6171
6176
6175
6174
6192
6197
6199
6193
6198
6191
6196
6195
6194
6132
6137
6139
6133
6138
6131
6136
6135
6134
6182
6187
6189
6183
6188
6181
6186
6185
6184
6112
6117
6119
6113
6118
6111
6116
6115
6114
6162
6167
6169
6163
6168
6161
6166
6165
6164
6152
6157
6159
6153
6158
6151
6156
6155
6154
6142
6147
6149
6143
6148
6141
6146
6145
6144
6622
6627
6629
6623
6628
6621
6626
6625
6624
6672
6677
6679
6673
6678
6671
6676
6675
6674
6692
6697
6699
6693
6698
6691
6696
6695
6694
6632
6637
6639
6633
6638
6631
6636
6635
6634
6682
6687
6689
6683
6688
6681
6686
6685
6684
6612
6617
6619
6613
6618
6611
6616
6615
6614
6662
6667
6669
6663
6668
6661
6666
6665
6664
6652
6657
6659
6653
6658
6651
6656
6655
6654
6642
6647
6649
6643
6648
6641
6646
6645
6644
6522
6527
6529
6523
6528
6521
6526
6525
6524
6572
6577
6579
6573
6578
6571
6576
6575
6574
6592
6597
6599
6593
6598
6591
6596
6595
6594
6532
6537
6539
6533
6538
6531
6536
6535
6534
6582
6587
6589
6583
6588
6581
6586
6585
6584
6512
6517
6519
6513
6518
6511
6516
6515
6514
6562
6567
6569
6563
6568
6561
6566
6565
6564
6552
6557
6559
6553
6558
6551
6556
6555
6554
6542
6547
6549
6543
6548
6541
6546
6545
6544
6422
6427
6429
6423
6428
6421
6426
6425
6424
6472
6477
6479
6473
6478
6471
6476
6475
6474
6492
6497
6499
6493
6498
6491
6496
6495
6494
6432
6437
6439
6433
6438
6431
6436
6435
6434
6482
6487
6489
6483
6488
6481
6486
6485
6484
6412
6417
6419
6413
6418
6411
6416
6415
6414
6462
6467
6469
6463
6468
6461
6466
6465
6464
6452
6457
6459
6453
6458
6451
6456
6455
6454
6442
6447
6449
6443
6448
6441
6446
6445
6444
5222
5227
5229
5223
5228
5221
5226
5225
5224
5272
5277
5279
5273
5278
5271
5276
5275
5274
5292
5297
5299
5293
5298
5291
5296
5295
5294
5232
5237
5239
5233
5238
5231
5236
5235
5234
5282
5287
5289
5283
5288
5281
5286
5285
5284
5212
5217
5219
5213
5218
5211
5216
5215
5214
5262
5267
5269
5263
5268
5261
5266
5265
5264
5252
5257
5259
5253
5258
5251
5256
5255
5254
5242
5247
5249
5243
5248
5241
5246
5245
5244
5722
5727
5729
5723
5728
5721
5726
5725
5724
5772
5777
5779
5773
5778
5771
5776
5775
5774
5792
5797
5799
5793
5798
5791
5796
5795
5794
5732
5737
5739
5733
5738
5731
5736
5735
5734
5782
5787
5789
5783
5788
5781
5786
5785
5784
5712
5717
5719
5713
5718
5711
5716
5715
5714
5762
5767
5769
5763
5768
5761
5766
5765
5764
5752
5757
5759
5753
5758
5751
5756
5755
5754
5742
5747
5749
5743
5748
5741
5746
5745
5744
5922
5927
5929
5923
5928
5921
5926
5925
5924
5972
5977
5979
5973
5978
5971
5976
5975
5974
5992
5997
5999
5993
5998
5991
5996
5995
5994
5932
5937
5939
5933
5938
5931
5936
5935
5934
5982
5987
5989
5983
5988
5981
5986
5985
5984
5912
5917
5919
5913
5918
5911
5916
5915
5914
5962
5967
5969
5963
5968
5961
5966
5965
5964
5952
5957
5959
5953
5958
5951
5956
5955
5954
5942
5947
5949
5943
5948
5941
5946
5945
5944
5322
5327
5329
5323
5328
5321
5326
5325
5324
5372
5377
5379
5373
5378
5371
5376
5375
5374
5392
5397
5399
5393
5398
5391
5396
5395
5394
5332
5337
5339
5333
5338
5331
5336
5335
5334
5382
5387
5389
5383
5388
5381
5386
5385
5384
5312
5317
5319
5313
5318
5311
5316
5315
5314
5362
5367
5369
5363
5368
5361
5366
5365
5364
5352
5357
5359
5353
5358
5351
5356
5355
5354
5342
5347
5349
5343
5348
5341
5346
5345
5344
5822
5827
5829
5823
5828
5821
5826
5825
5824
5872
5877
5879
5873
5878
5871
5876
5875
5874
5892
5897
5899
5893
5898
5891
5896
5895
5894
5832
5837
5839
5833
5838
5831
5836
5835
5834
5882
5887
5889
5883
5888
5881
5886
5885
5884
5812
5817
5819
5813
5818
5811
5816
5815
5814
5862
5867
5869
5863
5868
5861
5866
5865
5864
5852
5857
5859
5853
5858
5851
5856
5855
5854
5842
5847
5849
5843
5848
5841
5846
5845
5844
5122
5127
5129
5123
5128
5121
5126
5125
5124
5172
5177
5179
5173
5178
5171
5176
5175
5174
5192
5197
5199
5193
5198
5191
5196
5195
5194
5132
5137
5139
5133
5138
5131
5136
5135
5134
5182
5187
5189
5183
5188
5181
5186
5185
5184
5112
5117
5119
5113
5118
5111
5116
5115
5114
5162
5167
5169
5163
5168
5161
5166
5165
5164
5152
5157
5159
5153
5158
5151
5156
5155
5154
5142
5147
5149
5143
5148
5141
5146
5145
5144
5622
5627
5629
5623
5628
5621
5626
5625
5624
5672
5677
5679
5673
5678
5671
5676
5675
5674
5692
5697
5699
5693
5698
5691
5696
5695
5694
5632
5637
5639
5633
5638
5631
5636
5635
5634
5682
5687
5689
5683
5688
5681
5686
5685
5684
5612
5617
5619
5613
5618
5611
5616
5615
5614
5662
5667
5669
5663
5668
5661
5666
5665
5664
5652
5657
5659
5653
5658
5651
5656
5655
5654
5642
5647
5649
5643
5648
5641
5646
5645
5644
5522
5527
5529
5523
5528
5521
5526
5525
5524
5572
5577
5579
5573
5578
5571
5576
5575
5574
5592
5597
5599
5593
5598
5591
5596
5595
5594
5532
5537
5539
5533
5538
5531
5536
5535
5534
5582
5587
5589
5583
5588
5581
5586
5585
5584
5512
5517
5519
5513
5518
5511
5516
5515
5514
5562
5567
5569
5563
5568
5561
5566
5565
5564
5552
5557
5559
5553
5558
5551
5556
5555
5554
5542
5547
5549
5543
5548
5541
5546
5545
5544
5422
5427
5429
5423
5428
5421
5426
5425
5424
5472
5477
5479
5473
5478
5471
5476
5475
5474
5492
5497
5499
5493
5498
5491
5496
5495
5494
5432
5437
5439
5433
5438
5431
5436
5435
5434
5482
5487
5489
5483
5488
5481
5486
5485
5484
5412
5417
5419
5413
5418
5411
5416
5415
5414
5462
5467
5469
5463
5468
5461
5466
5465
5464
5452
5457
5459
5453
5458
5451
5456
5455
5454
5442
5447
5449
5443
5448
5441
5446
5445
5444
4222
4227
4229
4223
4228
4221
4226
4225
4224
4272
4277
4279
4273
4278
4271
4276
4275
4274
4292
4297
4299
4293
4298
4291
4296
4295
4294
4232
4237
4239
4233
4238
4231
4236
4235
4234
4282
4287
4289
4283
4288
4281
4286
4285
4284
4212
4217
4219
4213
4218
4211
4216
4215
4214
4262
4267
4269
4263
4268
4261
4266
4265
4264
4252
4257
4259
4253
4258
4251
4256
4255
4254
4242
4247
4249
4243
4248
4241
4246
4245
4244
4722
4727
4729
4723
4728
4721
4726
4725
4724
4772
4777
4779
4773
4778
4771
4776
4775
4774
4792
4797
4799
4793
4798
4791
4796
4795
4794
4732
4737
4739
4733
4738
4731
4736
4735
4734
4782
4787
4789
4783
4788
4781
4786
4785
4784
4712
4717
4719
4713
4718
4711
4716
4715
4714
4762
4767
4769
4763
4768
4761
4766
4765
4764
4752
4757
4759
4753
4758
4751
4756
4755
4754
4742
4747
4749
4743
4748
4741
4746
4745
4744
4922
4927
4929
4923
4928
4921
4926
4925
4924
4972
4977
4979
4973
4978
4971
4976
4975
4974
4992
4997
4999
4993
4998
4991
4996
4995
4994
4932
4937
4939
4933
4938
4931
4936
4935
4934
4982
4987
4989
4983
4988
4981
4986
4985
4984
4912
4917
4919
4913
4918
4911
4916
4915
4914
4962
4967
4969
4963
4968
4961
4966
4965
4964
4952
4957
4959
4953
4958
4951
4956
4955
4954
4942
4947
4949
4943
4948
4941
4946
4945
4944
4322
4327
4329
4323
4328
4321
4326
4325
4324
4372
4377
4379
4373
4378
4371
4376
4375
4374
4392
4397
4399
4393
4398
4391
4396
4395
4394
4332
4337
4339
4333
4338
4331
4336
4335
4334
4382
4387
4389
4383
4388
4381
4386
4385
4384
4312
4317
4319
4313
4318
4311
4316
4315
4314
4362
4367
4369
4363
4368
4361
4366
4365
4364
4352
4357
4359
4353
4358
4351
4356
4355
4354
4342
4347
4349
4343
4348
4341
4346
4345
4344
4822
4827
4829
4823
4828
4821
4826
4825
4824
4872
4877
4879
4873
4878
4871
4876
4875
4874
4892
4897
4899
4893
4898
4891
4896
4895
4894
4832
4837
4839
4833
4838
4831
4836
4835
4834
4882
4887
4889
4883
4888
4881
4886
4885
4884
4812
4817
4819
4813
4818
4811
4816
4815
4814
4862
4867
4869
4863
4868
4861
4866
4865
4864
4852
4857
4859
4853
4858
4851
4856
4855
4854
4842
4847
4849
4843
4848
4841
4846
4845
4844
4122
4127
4129
4123
4128
4121
4126
4125
4124
4172
4177
4179
4173
4178
4171
4176
4175
4174
4192
4197
4199
4193
4198
4191
4196
4195
4194
4132
4137
4139
4133
4138
4131
4136
4135
4134
4182
4187
4189
4183
4188
4181
4186
4185
4184
4112
4117
4119
4113
4118
4111
4116
4115
4114
4162
4167
4169
4163
4168
4161
4166
4165
4164
4152
4157
4159
4153
4158
4151
4156
4155
4154
4142
4147
4149
4143
4148
4141
4146
4145
4144
4622
4627
4629
4623
4628
4621
4626
4625
4624
4672
4677
4679
4673
4678
4671
4676
4675
4674
4692
4697
4699
4693
4698
4691
4696
4695
4694
4632
4637
4639
4633
4638
4631
4636
4635
4634
4682
4687
4689
4683
4688
4681
4686
4685
4684
4612
4617
4619
4613
4618
4611
4616
4615
4614
4662
4667
4669
4663
4668
4661
4666
4665
4664
4652
4657
4659
4653
4658
4651
4656
4655
4654
4642
4647
4649
4643
4648
4641
4646
4645
4644
4522
4527
4529
4523
4528
4521
4526
4525
4524
4572
4577
4579
4573
4578
4571
4576
4575
4574
4592
4597
4599
4593
4598
4591
4596
4595
4594
4532
4537
4539
4533
4538
4531
4536
4535
4534
4582
4587
4589
4583
4588
4581
4586
4585
4584
4512
4517
4519
4513
4518
4511
4516
4515
4514
4562
4567
4569
4563
4568
4561
4566
4565
4564
4552
4557
4559
4553
4558
4551
4556
4555
4554
4542
4547
4549
4543
4548
4541
4546
4545
4544
4422
4427
4429
4423
4428
4421
4426
4425
4424
4472
4477
4479
4473
4478
4471
4476
4475
4474
4492
4497
4499
4493
4498
4491
4496
4495
4494
4432
4437
4439
4433
4438
4431
4436
4435
4434
4482
4487
4489
4483
4488
4481
4486
4485
4484
4412
4417
4419
4413
4418
4411
4416
4415
4414
4462
4467
4469
4463
4468
4461
4466
4465
4464
4452
4457
4459
4453
4458
4451
4456
4455
4454
4442
4447
4449
4443
4448
4441
4446
4445
4444
